255 255 255 255 255 255 255 255 255 255 255 255 255 255 255 255
255 255 255 255 255 255 255 255 255 255 255 255 255 255 255 255
255 255   0   0   0   0   0   0   0   0   0   0   0   0 255 255
255 255   0   0   0   0   0   0   0   0   0   0   0   0 255 255
255 255   0   0   0   0   0   0   0   0   0   0   0   0 255 255
255 255   0   0   0  27  14  14  14  14  27   0   0   0 255 255
255 255   0   0   0  14   0   0   0   0  14   0   0   0 255 255
255 255   0   0   0  14   0 255   1   0  14   0   0   0 255 255
255 255   0   0   0  14   0 241 255   0  14   0   0   0 255 255
255 255   0   0   0  14   0   0   0   0  14   0   0   0 255 255
255 255   0   0   0  27  14  14  14  14  27   0   0   0 255 255
255 255   0   0   0   0   0   0   0   0   0   0   0   0 255 255
255 255   0   0   0   0   0   0   0   0   0   0   0   0 255 255
255 255   0   0   0   0   0   0   0   0   0   0   0   0 255 255
255 255 255 255 255 255 255 255 255 255 255 255 255 255 255 255
255 255 255 255 255 255 255 255 255 255 255 255 255 255 255 255
255 255 255 255 255 255 255 255 255 255 255 255 255 255 255 255
255 255 255 255 255 255 255 255 255 255 255 255 255 255 255 255
255 255   0   0   0   0   0   0   0   0   0   0   0   0 255 255
255 255   0   0   0   0   0   0   0   0   0   0   0   0 255 255
255 255   0   0   0   0   0   0   0   0   0   0   0   0 255 255
255 255   0   0   0  27  14  14  14  14  27   0   0   0 255 255
255 255   0   0   0  14   0   0   0   0  14   0   0   0 255 255
255 255   0   0   0  14   0 255   1   0  14   0   0   0 255 255
255 255   0   0   0  14   0 241 255   0  14   0   0   0 255 255
255 255   0   0   0  14   0   0   0   0  14   0   0   0 255 255
255 255   0   0   0  27  14  14  14  14  27   0   0   0 255 255
255 255   0   0   0   0   0   0   0   0   0   0   0   0 255 255
255 255   0   0   0   0   0   0   0   0   0   0   0   0 255 255
255 255   0   0   0   0   0   0   0   0   0   0   0   0 255 255
255 255 255 255 255 255 255 255 255 255 255 255 255 255 255 255
255 255 255 255 255 255 255 255 255 255 255 255 255 255 255 255
255 255 255 255 255 255 255 255 255 255 255 255 255 255 255 255
255 255 255 255 255 255 255 255 255 255 255 255 255 255 255 255
255 255   0   0   0   0   0   0   0   0   0   0   0   0 255 255
255 255   0   0   0   0   0   0   0   0   0   0   0   0 255 255
255 255   0   0   0   0   0   0   0   0   0   0   0   0 255 255
255 255   0   0   0  27  14  14  14  14  27   0   0   0 255 255
255 255   0   0   0  14   0   0   0   0  14   0   0   0 255 255
255 255   0   0   0  14   0 255   1   0  14   0   0   0 255 255
255 255   0   0   0  14   0 241 255   0  14   0   0   0 255 255
255 255   0   0   0  14   0   0   0   0  14   0   0   0 255 255
255 255   0   0   0  27  14  14  14  14  27   0   0   0 255 255
255 255   0   0   0   0   0   0   0   0   0   0   0   0 255 255
255 255   0   0   0   0   0   0   0   0   0   0   0   0 255 255
255 255   0   0   0   0   0   0   0   0   0   0   0   0 255 255
255 255 255 255 255 255 255 255 255 255 255 255 255 255 255 255
255 255 255 255 255 255 255 255 255 255 255 255 255 255 255 255

255 255 255 255 255 255 255 255 255 255 255 255 255 255 255 255
255 255 255 255 255 255 255 255 255 255 255 255 255 255 255 255
255 255   0   0   0   0   0   0   0   0   0   0   0   0 255 255
255 255   0   0   0   0   0   0   0   0   0   0   0   0 255 255
255 255   0   0   0   0   0   0   0   0   0   0   0   0 255 255
255 255   0   0   0  27  14  14  14  14  27   0   0   0 255 255
255 255   0   0   0  14   0   0   0   0  14   0   0   0 255 255
255 255   0   0   0  14   0   1 255   0  14   0   0   0 255 255
255 255   0   0   0  14   0 255 241   0  14   0   0   0 255 255
255 255   0   0   0  14   0   0   0   0  14   0   0   0 255 255
255 255   0   0   0  27  14  14  14  14  27   0   0   0 255 255
255 255   0   0   0   0   0   0   0   0   0   0   0   0 255 255
255 255   0   0   0   0   0   0   0   0   0   0   0   0 255 255
255 255   0   0   0   0   0   0   0   0   0   0   0   0 255 255
255 255 255 255 255 255 255 255 255 255 255 255 255 255 255 255
255 255 255 255 255 255 255 255 255 255 255 255 255 255 255 255
255 255 255 255 255 255 255 255 255 255 255 255 255 255 255 255
255 255 255 255 255 255 255 255 255 255 255 255 255 255 255 255
255 255   0   0   0   0   0   0   0   0   0   0   0   0 255 255
255 255   0   0   0   0   0   0   0   0   0   0   0   0 255 255
255 255   0   0   0   0   0   0   0   0   0   0   0   0 255 255
255 255   0   0   0  27  14  14  14  14  27   0   0   0 255 255
255 255   0   0   0  14   0   0   0   0  14   0   0   0 255 255
255 255   0   0   0  14   0   1 255   0  14   0   0   0 255 255
255 255   0   0   0  14   0 255 241   0  14   0   0   0 255 255
255 255   0   0   0  14   0   0   0   0  14   0   0   0 255 255
255 255   0   0   0  27  14  14  14  14  27   0   0   0 255 255
255 255   0   0   0   0   0   0   0   0   0   0   0   0 255 255
255 255   0   0   0   0   0   0   0   0   0   0   0   0 255 255
255 255   0   0   0   0   0   0   0   0   0   0   0   0 255 255
255 255 255 255 255 255 255 255 255 255 255 255 255 255 255 255
255 255 255 255 255 255 255 255 255 255 255 255 255 255 255 255
255 255 255 255 255 255 255 255 255 255 255 255 255 255 255 255
255 255 255 255 255 255 255 255 255 255 255 255 255 255 255 255
255 255   0   0   0   0   0   0   0   0   0   0   0   0 255 255
255 255   0   0   0   0   0   0   0   0   0   0   0   0 255 255
255 255   0   0   0   0   0   0   0   0   0   0   0   0 255 255
255 255   0   0   0  27  14  14  14  14  27   0   0   0 255 255
255 255   0   0   0  14   0   0   0   0  14   0   0   0 255 255
255 255   0   0   0  14   0   1 255   0  14   0   0   0 255 255
255 255   0   0   0  14   0 255 241   0  14   0   0   0 255 255
255 255   0   0   0  14   0   0   0   0  14   0   0   0 255 255
255 255   0   0   0  27  14  14  14  14  27   0   0   0 255 255
255 255   0   0   0   0   0   0   0   0   0   0   0   0 255 255
255 255   0   0   0   0   0   0   0   0   0   0   0   0 255 255
255 255   0   0   0   0   0   0   0   0   0   0   0   0 255 255
255 255 255 255 255 255 255 255 255 255 255 255 255 255 255 255
255 255 255 255 255 255 255 255 255 255 255 255 255 255 255 255

255 255 255 255 255 255 255 255 255 255 255 255 255 255 255 255
255 214 153 153 153 153 153 153 153 153 153 153 153 153 214 255
255 153   0   0   0   0   0   0   0   0   0   0   0   0 153 255
255 153   0   0   0   0   0   0   0   0   0   0   0   0 153 255
255 153   0   0  11  52  52  52  52  52  52  11   0   0 153 255
255 153   0   0  52 174 112 112 112 112 174  52   0   0 153 255
255 153   0   0  52 112  20  71  71  20 112  52   0   0 153 255
255 153   0   0  52 112  61 125 137  63 112  52   0   0 153 255
255 153   0   0  52 112  57 140 191  71 112  52   0   0 153 255
255 153   0   0  52 112  20  71  71  20 112  52   0   0 153 255
255 153   0   0  52 174 112 112 112 112 174  52   0   0 153 255
255 153   0   0  11  52  52  52  52  52  52  11   0   0 153 255
255 153   0   0   0   0   0   0   0   0   0   0   0   0 153 255
255 153   0   0   0   0   0   0   0   0   0   0   0   0 153 255
255 214 153 153 153 153 153 153 153 153 153 153 153 153 214 255
255 255 255 255 255 255 255 255 255 255 255 255 255 255 255 255
255 255 255 255 255 255 255 255 255 255 255 255 255 255 255 255
255 214 153 153 153 153 153 153 153 153 153 153 153 153 214 255
255 153   0   0   0   0   0   0   0   0   0   0   0   0 153 255
255 153   0   0   0   0   0   0   0   0   0   0   0   0 153 255
255 153   0   0  11  52  52  52  52  52  52  11   0   0 153 255
255 153   0   0  52 174 112 112 112 112 174  52   0   0 153 255
255 153   0   0  52 112  20  71  71  20 112  52   0   0 153 255
255 153   0   0  52 112  61 125 137  63 112  52   0   0 153 255
255 153   0   0  52 112  57 140 191  71 112  52   0   0 153 255
255 153   0   0  52 112  20  71  71  20 112  52   0   0 153 255
255 153   0   0  52 174 112 112 112 112 174  52   0   0 153 255
255 153   0   0  11  52  52  52  52  52  52  11   0   0 153 255
255 153   0   0   0   0   0   0   0   0   0   0   0   0 153 255
255 153   0   0   0   0   0   0   0   0   0   0   0   0 153 255
255 214 153 153 153 153 153 153 153 153 153 153 153 153 214 255
255 255 255 255 255 255 255 255 255 255 255 255 255 255 255 255
255 255 255 255 255 255 255 255 255 255 255 255 255 255 255 255
255 214 153 153 153 153 153 153 153 153 153 153 153 153 214 255
255 153   0   0   0   0   0   0   0   0   0   0   0   0 153 255
255 153   0   0   0   0   0   0   0   0   0   0   0   0 153 255
255 153   0   0  11  52  52  52  52  52  52  11   0   0 153 255
255 153   0   0  52 174 112 112 112 112 174  52   0   0 153 255
255 153   0   0  52 112  20  71  71  20 112  52   0   0 153 255
255 153   0   0  52 112  61 125 137  63 112  52   0   0 153 255
255 153   0   0  52 112  57 140 191  71 112  52   0   0 153 255
255 153   0   0  52 112  20  71  71  20 112  52   0   0 153 255
255 153   0   0  52 174 112 112 112 112 174  52   0   0 153 255
255 153   0   0  11  52  52  52  52  52  52  11   0   0 153 255
255 153   0   0   0   0   0   0   0   0   0   0   0   0 153 255
255 153   0   0   0   0   0   0   0   0   0   0   0   0 153 255
255 214 153 153 153 153 153 153 153 153 153 153 153 153 214 255
255 255 255 255 255 255 255 255 255 255 255 255 255 255 255 255

255 255 255 255 255 255 255 255 255 255 255 255 255 255 255 255
255 214 153 153 153 153 153 153 153 153 153 153 153 153 214 255
255 153   0   0   0   0   0   0   0   0   0   0   0   0 153 255
255 153   0   0   0   0   0   0   0   0   0   0   0   0 153 255
255 153   0   0  11  52  52  52  52  52  52  11   0   0 153 255
255 153   0   0  52 174 112 112 112 112 174  52   0   0 153 255
255 153   0   0  52 112  20  63  71  20 112  52   0   0 153 255
255 153   0   0  52 112  71 137 191  71 112  52   0   0 153 255
255 153   0   0  52 112  71 125 140  71 112  52   0   0 153 255
255 153   0   0  52 112  20  61  57  20 112  52   0   0 153 255
255 153   0   0  52 174 112 112 112 112 174  52   0   0 153 255
255 153   0   0  11  52  52  52  52  52  52  11   0   0 153 255
255 153   0   0   0   0   0   0   0   0   0   0   0   0 153 255
255 153   0   0   0   0   0   0   0   0   0   0   0   0 153 255
255 214 153 153 153 153 153 153 153 153 153 153 153 153 214 255
255 255 255 255 255 255 255 255 255 255 255 255 255 255 255 255
255 255 255 255 255 255 255 255 255 255 255 255 255 255 255 255
255 214 153 153 153 153 153 153 153 153 153 153 153 153 214 255
255 153   0   0   0   0   0   0   0   0   0   0   0   0 153 255
255 153   0   0   0   0   0   0   0   0   0   0   0   0 153 255
255 153   0   0  11  52  52  52  52  52  52  11   0   0 153 255
255 153   0   0  52 174 112 112 112 112 174  52   0   0 153 255
255 153   0   0  52 112  20  63  71  20 112  52   0   0 153 255
255 153   0   0  52 112  71 137 191  71 112  52   0   0 153 255
255 153   0   0  52 112  71 125 140  71 112  52   0   0 153 255
255 153   0   0  52 112  20  61  57  20 112  52   0   0 153 255
255 153   0   0  52 174 112 112 112 112 174  52   0   0 153 255
255 153   0   0  11  52  52  52  52  52  52  11   0   0 153 255
255 153   0   0   0   0   0   0   0   0   0   0   0   0 153 255
255 153   0   0   0   0   0   0   0   0   0   0   0   0 153 255
255 214 153 153 153 153 153 153 153 153 153 153 153 153 214 255
255 255 255 255 255 255 255 255 255 255 255 255 255 255 255 255
255 255 255 255 255 255 255 255 255 255 255 255 255 255 255 255
255 214 153 153 153 153 153 153 153 153 153 153 153 153 214 255
255 153   0   0   0   0   0   0   0   0   0   0   0   0 153 255
255 153   0   0   0   0   0   0   0   0   0   0   0   0 153 255
255 153   0   0  11  52  52  52  52  52  52  11   0   0 153 255
255 153   0   0  52 174 112 112 112 112 174  52   0   0 153 255
255 153   0   0  52 112  20  63  71  20 112  52   0   0 153 255
255 153   0   0  52 112  71 137 191  71 112  52   0   0 153 255
255 153   0   0  52 112  71 125 140  71 112  52   0   0 153 255
255 153   0   0  52 112  20  61  57  20 112  52   0   0 153 255
255 153   0   0  52 174 112 112 112 112 174  52   0   0 153 255
255 153   0   0  11  52  52  52  52  52  52  11   0   0 153 255
255 153   0   0   0   0   0   0   0   0   0   0   0   0 153 255
255 153   0   0   0   0   0   0   0   0   0   0   0   0 153 255
255 214 153 153 153 153 153 153 153 153 153 153 153 153 214 255
255 255 255 255 255 255 255 255 255 255 255 255 255 255 255 255
